%YAML:1.0
---
cameraMatrix: !!opencv-matrix
   rows: 3
   cols: 3
   dt: d
   data: [ 1.1245186157226562e+03, 0., 6.4681699173082961e+02, 0.,
       1.0522836914062500e+03, 3.1757344723817732e+02, 0., 0., 1. ]
distCoeffs: !!opencv-matrix
   rows: 1
   cols: 5
   dt: d
   data: [ 5.6904998439210902e-02, -8.9438711541175042e-01,
       7.4284740494371716e-04, 7.2897591487760291e-05,
       2.2521752963977595e+00 ]
